{
 "cells": [
  {
   "cell_type": "code",
   "execution_count": 243,
   "id": "545767c7",
   "metadata": {},
   "outputs": [],
   "source": [
    "import numpy as np\n",
    "import scipy as sp\n",
    "\n",
    "from scipy.spatial import distance_matrix\n",
    "from scipy.stats import norm\n",
    "\n",
    "from sklearn.metrics.pairwise import rbf_kernel"
   ]
  },
  {
   "cell_type": "code",
   "execution_count": 244,
   "id": "644e5bd0",
   "metadata": {},
   "outputs": [],
   "source": [
    "def create_sum_matrix(input_list):\n",
    "    n = len(input_list)\n",
    "    sum_matrix = np.zeros((n, n))\n",
    "\n",
    "    for i in range(n):\n",
    "        for j in range(n):\n",
    "            sum_matrix[i, j] = input_list[i] + input_list[j]\n",
    "\n",
    "    return sum_matrix"
   ]
  },
  {
   "cell_type": "code",
   "execution_count": 245,
   "id": "ea5c574d",
   "metadata": {},
   "outputs": [],
   "source": [
    "input = np.matrix(\n",
    "[[4.22016824, 9.52059542, 9.06147393, 4.76238876, 8.68718698],\n",
    " [3.60131013, 8.88663821, 7.9274555 , 1.77946764, 4.62207242],\n",
    " [6.99930763, 6.92595521, 1.5150891 , 2.23769337, 4.32443509],\n",
    " [8.59804346, 6.94750078, 9.1130928 , 4.26227738, 7.30300422],\n",
    " [3.77543786, 0.43269196, 5.55759746, 2.3849611 , 5.84682024],\n",
    " [1.37847937, 6.78821223, 2.67056467, 4.76752098, 3.20457591],\n",
    " [2,3,4,1,1],\n",
    " [1,3,5,2,1],\n",
    " [7,4,9,2,6],\n",
    " [4.2, 9.5, 9, 4.7, 8.6]])"
   ]
  },
  {
   "cell_type": "code",
   "execution_count": 246,
   "id": "37393e98",
   "metadata": {},
   "outputs": [],
   "source": [
    "k_value = [3, 4]\n",
    "sig_value = [1, 2]"
   ]
  },
  {
   "cell_type": "code",
   "execution_count": null,
   "id": "0c600990",
   "metadata": {},
   "outputs": [],
   "source": []
  },
  {
   "cell_type": "code",
   "execution_count": 247,
   "id": "fc45beab",
   "metadata": {},
   "outputs": [],
   "source": [
    "size = 0\n",
    "if input.shape[0] > input.shape[1]:\n",
    "    size = input.shape[0]\n",
    "else:\n",
    "    size = input.shape[1]"
   ]
  },
  {
   "cell_type": "code",
   "execution_count": null,
   "id": "ea154694",
   "metadata": {},
   "outputs": [],
   "source": [
    "def create_sig(input, k_value, sig_value):\n",
    "    \n",
    "    distance = sp.spatial.distance_matrix(input, input)\n",
    "    distance_sorted = distance\n",
    "    distance_sorted.sort(axis=0)\n",
    "    distance_sorted = distance_sorted.transpose()\n",
    "    mean_distance = distance_sorted[:, 1:k_value+1].sum(axis=1) / k_value\n",
    "    \n",
    "    sig = create_sum_matrix(mean_distance)\n",
    "    sig = np.divide(sig, 2)\n",
    "    sig = np.multiply(sig, sig_value)\n",
    "    \n",
    "    return sig"
   ]
  },
  {
   "cell_type": "code",
   "execution_count": 249,
   "id": "89e03a76",
   "metadata": {},
   "outputs": [],
   "source": [
    "def generate_kernel(input, sig, size):\n",
    "    kernel = np.zeros((size, size, size))\n",
    "    kernel = np.asarray(kernel)\n",
    "    \n",
    "    for i in range(0, size):\n",
    "        for j in range(0, size):\n",
    "            gamma = 1/ (2 * pow(sig[i][j], 2))\n",
    "            gamma = sig[i][j]\n",
    "            print(gamma)\n",
    "            kernel[i][j] = rbf_kernel(np.asarray(input[i]), np.asarray(input[j]), gamma=gamma )\n",
    "            kernel[i][j] = np.divide(kernel[i][j], ( np.sqrt(2 * np.pi) * sig[i][j]) ) \n",
    "    print(\"--------\")\n",
    "    return kernel"
   ]
  },
  {
   "cell_type": "code",
   "execution_count": 250,
   "id": "58bc296e",
   "metadata": {},
   "outputs": [],
   "source": [
    "kernel_count = len(k_value) * len(sig_value)"
   ]
  },
  {
   "cell_type": "code",
   "execution_count": null,
   "id": "25c710cd",
   "metadata": {},
   "outputs": [
    {
     "name": "stdout",
     "output_type": "stream",
     "text": [
      "[[3.55254712 4.53842281 5.37642545 4.24385392 4.81673605 4.781378\n",
      "  4.0804965  4.04491628 4.5073272  3.52903395]\n",
      " [4.53842281 5.52429849 6.36230114 5.2297296  5.80261174 5.76725368\n",
      "  5.06637219 5.03079197 5.49320288 4.51490964]\n",
      " [5.37642545 6.36230114 7.20030379 6.06773225 6.64061438 6.60525633\n",
      "  5.90437483 5.86879461 6.33120553 5.35291229]\n",
      " [4.24385392 5.2297296  6.06773225 4.93516072 5.50804285 5.47268479\n",
      "  4.7718033  4.73622308 5.19863399 4.22034075]\n",
      " [4.81673605 5.80261174 6.64061438 5.50804285 6.08092498 6.04556693\n",
      "  5.34468543 5.30910521 5.77151613 4.79322289]\n",
      " [4.781378   5.76725368 6.60525633 5.47268479 6.04556693 6.01020887\n",
      "  5.30932738 5.27374716 5.73615807 4.75786483]\n",
      " [4.0804965  5.06637219 5.90437483 4.7718033  5.34468543 5.30932738\n",
      "  4.60844588 4.57286566 5.03527658 4.05698334]\n",
      " [4.04491628 5.03079197 5.86879461 4.73622308 5.30910521 5.27374716\n",
      "  4.57286566 4.53728544 4.99969636 4.02140312]\n",
      " [4.5073272  5.49320288 6.33120553 5.19863399 5.77151613 5.73615807\n",
      "  5.03527658 4.99969636 5.46210727 4.48381403]\n",
      " [3.52903395 4.51490964 5.35291229 4.22034075 4.79322289 4.75786483\n",
      "  4.05698334 4.02140312 4.48381403 3.50552079]]\n",
      "3.5525471202573087\n",
      "4.538422806528477\n",
      "5.3764254529538835\n",
      "4.243853918258729\n",
      "4.8167360507245025\n",
      "4.781377995403988\n",
      "4.080496502041637\n",
      "4.044916281117024\n",
      "4.507327196922191\n",
      "3.5290339548421388\n",
      "4.538422806528477\n",
      "5.524298492799645\n",
      "6.3623011392250515\n",
      "5.229729604529897\n",
      "5.8026117369956705\n",
      "5.767253681675156\n",
      "5.066372188312805\n",
      "5.030791967388192\n",
      "5.493202883193359\n",
      "4.514909641113307\n",
      "5.3764254529538835\n",
      "6.3623011392250515\n",
      "7.2003037856504575\n",
      "6.067732250955304\n",
      "6.640614383421077\n",
      "6.605256328100562\n",
      "5.904374834738211\n",
      "5.8687946138135985\n",
      "6.3312055296187655\n",
      "5.352912287538714\n",
      "4.243853918258729\n",
      "5.229729604529897\n",
      "6.067732250955304\n",
      "4.9351607162601505\n",
      "5.508042848725923\n",
      "5.472684793405408\n",
      "4.771803300043057\n",
      "4.736223079118444\n",
      "5.198633994923611\n",
      "4.22034075284356\n",
      "4.8167360507245025\n",
      "5.8026117369956705\n",
      "6.640614383421077\n",
      "5.508042848725923\n",
      "6.080924981191696\n",
      "6.0455669258711815\n",
      "5.344685432508831\n",
      "5.309105211584217\n",
      "5.7715161273893845\n",
      "4.793222885309333\n",
      "4.781377995403988\n",
      "5.767253681675156\n",
      "6.605256328100562\n",
      "5.472684793405408\n",
      "6.0455669258711815\n",
      "6.010208870550666\n",
      "5.309327377188315\n",
      "5.273747156263703\n",
      "5.73615807206887\n",
      "4.757864829988818\n",
      "4.080496502041637\n",
      "5.066372188312805\n",
      "5.904374834738211\n",
      "4.771803300043057\n",
      "5.344685432508831\n",
      "5.309327377188315\n",
      "4.608445883825964\n",
      "4.572865662901352\n",
      "5.035276578706519\n",
      "4.056983336626467\n",
      "4.044916281117024\n",
      "5.030791967388192\n",
      "5.8687946138135985\n",
      "4.736223079118444\n",
      "5.309105211584217\n",
      "5.273747156263703\n",
      "4.572865662901352\n",
      "4.5372854419767386\n",
      "4.999696357781906\n",
      "4.021403115701854\n",
      "4.507327196922191\n",
      "5.493202883193359\n",
      "6.3312055296187655\n",
      "5.198633994923611\n",
      "5.7715161273893845\n",
      "5.73615807206887\n",
      "5.035276578706519\n",
      "4.999696357781906\n",
      "5.462107273587073\n",
      "4.483814031507021\n",
      "3.5290339548421388\n",
      "4.514909641113307\n",
      "5.352912287538714\n",
      "4.22034075284356\n",
      "4.793222885309333\n",
      "4.757864829988818\n",
      "4.056983336626467\n",
      "4.021403115701854\n",
      "4.483814031507021\n",
      "3.5055207894269693\n",
      "--------\n",
      "[[ 7.10509424  9.07684561 10.75285091  8.48770784  9.6334721   9.56275599\n",
      "   8.160993    8.08983256  9.01465439  7.05806791]\n",
      " [ 9.07684561 11.04859699 12.72460228 10.45945921 11.60522347 11.53450736\n",
      "  10.13274438 10.06158393 10.98640577  9.02981928]\n",
      " [10.75285091 12.72460228 14.40060757 12.1354645  13.28122877 13.21051266\n",
      "  11.80874967 11.73758923 12.66241106 10.70582458]\n",
      " [ 8.48770784 10.45945921 12.1354645   9.87032143 11.0160857  10.94536959\n",
      "   9.5436066   9.47244616 10.39726799  8.44068151]\n",
      " [ 9.6334721  11.60522347 13.28122877 11.0160857  12.16184996 12.09113385\n",
      "  10.68937087 10.61821042 11.54303225  9.58644577]\n",
      " [ 9.56275599 11.53450736 13.21051266 10.94536959 12.09113385 12.02041774\n",
      "  10.61865475 10.54749431 11.47231614  9.51572966]\n",
      " [ 8.160993   10.13274438 11.80874967  9.5436066  10.68937087 10.61865475\n",
      "   9.21689177  9.14573133 10.07055316  8.11396667]\n",
      " [ 8.08983256 10.06158393 11.73758923  9.47244616 10.61821042 10.54749431\n",
      "   9.14573133  9.07457088  9.99939272  8.04280623]\n",
      " [ 9.01465439 10.98640577 12.66241106 10.39726799 11.54303225 11.47231614\n",
      "  10.07055316  9.99939272 10.92421455  8.96762806]\n",
      " [ 7.05806791  9.02981928 10.70582458  8.44068151  9.58644577  9.51572966\n",
      "   8.11396667  8.04280623  8.96762806  7.01104158]]\n",
      "7.105094240514617\n",
      "9.076845613056953\n",
      "10.752850905907767\n",
      "8.487707836517458\n",
      "9.633472101449005\n",
      "9.562755990807975\n",
      "8.160993004083274\n",
      "8.089832562234047\n",
      "9.014654393844381\n",
      "7.0580679096842776\n",
      "9.076845613056953\n",
      "11.04859698559929\n",
      "12.724602278450103\n",
      "10.459459209059794\n",
      "11.605223473991341\n",
      "11.534507363350311\n",
      "10.13274437662561\n",
      "10.061583934776383\n",
      "10.986405766386717\n",
      "9.029819282226613\n",
      "10.752850905907767\n",
      "12.724602278450103\n",
      "14.400607571300915\n",
      "12.135464501910608\n",
      "13.281228766842155\n",
      "13.210512656201123\n",
      "11.808749669476422\n",
      "11.737589227627197\n",
      "12.662411059237531\n",
      "10.705824575077427\n",
      "8.487707836517458\n",
      "10.459459209059794\n",
      "12.135464501910608\n",
      "9.870321432520301\n",
      "11.016085697451846\n",
      "10.945369586810816\n",
      "9.543606600086115\n",
      "9.472446158236888\n",
      "10.397267989847222\n",
      "8.44068150568712\n",
      "9.633472101449005\n",
      "11.605223473991341\n",
      "13.281228766842155\n",
      "11.016085697451846\n",
      "12.161849962383393\n",
      "12.091133851742363\n",
      "10.689370865017661\n",
      "10.618210423168435\n",
      "11.543032254778769\n",
      "9.586445770618665\n",
      "9.562755990807975\n",
      "11.534507363350311\n",
      "13.210512656201123\n",
      "10.945369586810816\n",
      "12.091133851742363\n",
      "12.020417741101332\n",
      "10.61865475437663\n",
      "10.547494312527405\n",
      "11.47231614413774\n",
      "9.515729659977636\n",
      "8.160993004083274\n",
      "10.13274437662561\n",
      "11.808749669476422\n",
      "9.543606600086115\n",
      "10.689370865017661\n",
      "10.61865475437663\n",
      "9.216891767651928\n",
      "9.145731325802704\n",
      "10.070553157413038\n",
      "8.113966673252934\n",
      "8.089832562234047\n",
      "10.061583934776383\n",
      "11.737589227627197\n",
      "9.472446158236888\n",
      "10.618210423168435\n",
      "10.547494312527405\n",
      "9.145731325802704\n",
      "9.074570883953477\n",
      "9.999392715563811\n",
      "8.042806231403707\n",
      "9.014654393844381\n",
      "10.986405766386717\n",
      "12.662411059237531\n",
      "10.397267989847222\n",
      "11.543032254778769\n",
      "11.47231614413774\n",
      "10.070553157413038\n",
      "9.999392715563811\n",
      "10.924214547174145\n",
      "8.967628063014041\n",
      "7.0580679096842776\n",
      "9.029819282226613\n",
      "10.705824575077427\n",
      "8.44068150568712\n",
      "9.586445770618665\n",
      "9.515729659977636\n",
      "8.113966673252934\n",
      "8.042806231403707\n",
      "8.967628063014041\n",
      "7.011041578853939\n",
      "--------\n",
      "[[4.48546743 5.13863581 5.96944031 4.91770915 5.54724986 5.36183863\n",
      "  4.93238364 4.93761084 5.19362435 4.45990442]\n",
      " [5.13863581 5.79180419 6.62260869 5.57087753 6.20041824 6.01500701\n",
      "  5.58555202 5.59077922 5.84679273 5.1130728 ]\n",
      " [5.96944031 6.62260869 7.45341319 6.40168203 7.03122274 6.84581151\n",
      "  6.41635652 6.42158372 6.67759723 5.9438773 ]\n",
      " [4.91770915 5.57087753 6.40168203 5.34995086 5.97949157 5.79408034\n",
      "  5.36462535 5.36985255 5.62586607 4.89214614]\n",
      " [5.54724986 6.20041824 7.03122274 5.97949157 6.60903228 6.42362105\n",
      "  5.99416606 5.99939327 6.25540678 5.52168685]\n",
      " [5.36183863 6.01500701 6.84581151 5.79408034 6.42362105 6.23820982\n",
      "  5.80875483 5.81398204 6.06999555 5.33627562]\n",
      " [4.93238364 5.58555202 6.41635652 5.36462535 5.99416606 5.80875483\n",
      "  5.37929984 5.38452705 5.64054056 4.90682063]\n",
      " [4.93761084 5.59077922 6.42158372 5.36985255 5.99939327 5.81398204\n",
      "  5.38452705 5.38975425 5.64576776 4.91204783]\n",
      " [5.19362435 5.84679273 6.67759723 5.62586607 6.25540678 6.06999555\n",
      "  5.64054056 5.64576776 5.90178128 5.16806134]\n",
      " [4.45990442 5.1130728  5.9438773  4.89214614 5.52168685 5.33627562\n",
      "  4.90682063 4.91204783 5.16806134 4.43434141]]\n",
      "4.485467433205086\n",
      "5.138635812616906\n",
      "5.969440312391388\n",
      "4.9177091464145954\n",
      "5.547249858559635\n",
      "5.361838629061917\n",
      "4.932383638828742\n",
      "4.937610840583337\n",
      "5.19362435412448\n",
      "4.459904422564441\n",
      "5.138635812616906\n",
      "5.791804192028726\n",
      "6.622608691803208\n",
      "5.570877525826416\n",
      "6.200418237971455\n",
      "6.015007008473737\n",
      "5.585552018240562\n",
      "5.590779219995158\n",
      "5.8467927335363\n",
      "5.113072801976261\n",
      "5.969440312391388\n",
      "6.622608691803208\n",
      "7.45341319157769\n",
      "6.4016820256008975\n",
      "7.031222737745937\n",
      "6.845811508248219\n",
      "6.416356518015044\n",
      "6.4215837197696395\n",
      "6.677597233310782\n",
      "5.943877301750743\n",
      "4.9177091464145954\n",
      "5.570877525826416\n",
      "6.4016820256008975\n",
      "5.349950859624105\n",
      "5.979491571769144\n",
      "5.794080342271426\n",
      "5.364625352038251\n",
      "5.369852553792847\n",
      "5.625866067333989\n",
      "4.892146135773951\n",
      "5.547249858559635\n",
      "6.200418237971455\n",
      "7.031222737745937\n",
      "5.979491571769144\n",
      "6.609032283914184\n",
      "6.423621054416466\n",
      "5.994166064183291\n",
      "5.999393265937886\n",
      "6.255406779479029\n",
      "5.52168684791899\n",
      "5.361838629061917\n",
      "6.015007008473737\n",
      "6.845811508248219\n",
      "5.794080342271426\n",
      "6.423621054416466\n",
      "6.238209824918748\n",
      "5.808754834685573\n",
      "5.813982036440168\n",
      "6.069995549981311\n",
      "5.336275618421272\n",
      "4.932383638828742\n",
      "5.585552018240562\n",
      "6.416356518015044\n",
      "5.364625352038251\n",
      "5.994166064183291\n",
      "5.808754834685573\n",
      "5.379299844452397\n",
      "5.384527046206993\n",
      "5.6405405597481355\n",
      "4.906820628188097\n",
      "4.937610840583337\n",
      "5.590779219995158\n",
      "6.4215837197696395\n",
      "5.369852553792847\n",
      "5.999393265937886\n",
      "5.813982036440168\n",
      "5.384527046206993\n",
      "5.389754247961589\n",
      "5.645767761502731\n",
      "4.912047829942693\n",
      "5.19362435412448\n",
      "5.8467927335363\n",
      "6.677597233310782\n",
      "5.625866067333989\n",
      "6.255406779479029\n",
      "6.069995549981311\n",
      "5.6405405597481355\n",
      "5.645767761502731\n",
      "5.901781275043874\n",
      "5.168061343483835\n",
      "4.459904422564441\n",
      "5.113072801976261\n",
      "5.943877301750743\n",
      "4.892146135773951\n",
      "5.52168684791899\n",
      "5.336275618421272\n",
      "4.906820628188097\n",
      "4.912047829942693\n",
      "5.168061343483835\n",
      "4.434341411923796\n",
      "--------\n",
      "[[ 8.97093487 10.27727163 11.93888062  9.83541829 11.09449972 10.72367726\n",
      "   9.86476728  9.87522168 10.38724871  8.91980885]\n",
      " [10.27727163 11.58360838 13.24521738 11.14175505 12.40083648 12.03001402\n",
      "  11.17110404 11.18155844 11.69358547 10.2261456 ]\n",
      " [11.93888062 13.24521738 14.90682638 12.80336405 14.06244548 13.69162302\n",
      "  12.83271304 12.84316744 13.35519447 11.8877546 ]\n",
      " [ 9.83541829 11.14175505 12.80336405 10.69990172 11.95898314 11.58816068\n",
      "  10.7292507  10.73970511 11.25173213  9.78429227]\n",
      " [11.09449972 12.40083648 14.06244548 11.95898314 13.21806457 12.84724211\n",
      "  11.98833213 11.99878653 12.51081356 11.0433737 ]\n",
      " [10.72367726 12.03001402 13.69162302 11.58816068 12.84724211 12.47641965\n",
      "  11.61750967 11.62796407 12.1399911  10.67255124]\n",
      " [ 9.86476728 11.17110404 12.83271304 10.7292507  11.98833213 11.61750967\n",
      "  10.75859969 10.76905409 11.28108112  9.81364126]\n",
      " [ 9.87522168 11.18155844 12.84316744 10.73970511 11.99878653 11.62796407\n",
      "  10.76905409 10.7795085  11.29153552  9.82409566]\n",
      " [10.38724871 11.69358547 13.35519447 11.25173213 12.51081356 12.1399911\n",
      "  11.28108112 11.29153552 11.80356255 10.33612269]\n",
      " [ 8.91980885 10.2261456  11.8877546   9.78429227 11.0433737  10.67255124\n",
      "   9.81364126  9.82409566 10.33612269  8.86868282]]\n",
      "8.970934866410172\n",
      "10.277271625233812\n",
      "11.938880624782776\n",
      "9.835418292829191\n",
      "11.09449971711927\n",
      "10.723677258123834\n",
      "9.864767277657483\n",
      "9.875221681166675\n",
      "10.38724870824896\n",
      "8.919808845128882\n",
      "10.277271625233812\n",
      "11.583608384057452\n",
      "13.245217383606416\n",
      "11.141755051652831\n",
      "12.40083647594291\n",
      "12.030014016947474\n",
      "11.171104036481124\n",
      "11.181558439990315\n",
      "11.6935854670726\n",
      "10.226145603952522\n",
      "11.938880624782776\n",
      "13.245217383606416\n",
      "14.90682638315538\n",
      "12.803364051201795\n",
      "14.062445475491874\n",
      "13.691623016496438\n",
      "12.832713036030087\n",
      "12.843167439539279\n",
      "13.355194466621564\n",
      "11.887754603501486\n",
      "9.835418292829191\n",
      "11.141755051652831\n",
      "12.803364051201795\n",
      "10.69990171924821\n",
      "11.958983143538289\n",
      "11.588160684542853\n",
      "10.729250704076502\n",
      "10.739705107585694\n",
      "11.251732134667979\n",
      "9.784292271547901\n",
      "11.09449971711927\n",
      "12.40083647594291\n",
      "14.062445475491874\n",
      "11.958983143538289\n",
      "13.218064567828367\n",
      "12.847242108832932\n",
      "11.988332128366581\n",
      "11.998786531875773\n",
      "12.510813558958057\n",
      "11.04337369583798\n",
      "10.723677258123834\n",
      "12.030014016947474\n",
      "13.691623016496438\n",
      "11.588160684542853\n",
      "12.847242108832932\n",
      "12.476419649837496\n",
      "11.617509669371145\n",
      "11.627964072880337\n",
      "12.139991099962621\n",
      "10.672551236842544\n",
      "9.864767277657483\n",
      "11.171104036481124\n",
      "12.832713036030087\n",
      "10.729250704076502\n",
      "11.988332128366581\n",
      "11.617509669371145\n",
      "10.758599688904795\n",
      "10.769054092413986\n",
      "11.281081119496271\n",
      "9.813641256376194\n",
      "9.875221681166675\n",
      "11.181558439990315\n",
      "12.843167439539279\n",
      "10.739705107585694\n",
      "11.998786531875773\n",
      "11.627964072880337\n",
      "10.769054092413986\n",
      "10.779508495923178\n",
      "11.291535523005463\n",
      "9.824095659885385\n",
      "10.38724870824896\n",
      "11.6935854670726\n",
      "13.355194466621564\n",
      "11.251732134667979\n",
      "12.510813558958057\n",
      "12.139991099962621\n",
      "11.281081119496271\n",
      "11.291535523005463\n",
      "11.803562550087747\n",
      "10.33612268696767\n",
      "8.919808845128882\n",
      "10.226145603952522\n",
      "11.887754603501486\n",
      "9.784292271547901\n",
      "11.04337369583798\n",
      "10.672551236842544\n",
      "9.813641256376194\n",
      "9.824095659885385\n",
      "10.33612268696767\n",
      "8.868682823847593\n",
      "--------\n"
     ]
    }
   ],
   "source": [
    "kernels = np.zeros((kernel_count, size, size))\n",
    "\n",
    "z = 0\n",
    "for i in k_value:\n",
    "    for j in sig_value:\n",
    "        kernel = generate_kernel(input, create_sig(input, i, j), size)\n",
    "        kernel = kernel[:, :, 0]\n",
    "        kernels[z] = kernel\n",
    "        z = z+1\n",
    "            "
   ]
  },
  {
   "cell_type": "code",
   "execution_count": 252,
   "id": "57422d95",
   "metadata": {},
   "outputs": [],
   "source": [
    "weights = np.full((kernel_count), 1/kernel_count)"
   ]
  },
  {
   "cell_type": "code",
   "execution_count": 253,
   "id": "dab7f253",
   "metadata": {},
   "outputs": [],
   "source": [
    "similarity_matrix = np.zeros((size, size))\n",
    "for i in range(0, kernel_count):\n",
    "    similarity_matrix = similarity_matrix + np.multiply(kernels[i], weights[i])"
   ]
  }
 ],
 "metadata": {
  "kernelspec": {
   "display_name": "SIMLR_venv",
   "language": "python",
   "name": "python3"
  },
  "language_info": {
   "codemirror_mode": {
    "name": "ipython",
    "version": 3
   },
   "file_extension": ".py",
   "mimetype": "text/x-python",
   "name": "python",
   "nbconvert_exporter": "python",
   "pygments_lexer": "ipython3",
   "version": "3.12.10"
  }
 },
 "nbformat": 4,
 "nbformat_minor": 5
}
